unit.len=cm;
unit.wt=kg;
unit.ang=rad;

class=CRS_Polyline;
passport.id=0;
name= ;
m_Handle2=0;
length=1061.00000;
pt.B=2980.34682, 57041.06725, 3020.00000;
pt.E=4041.34682, 57041.06726, 3020.00000;
np= 2;
pt.0= 2980.34682, 57041.06725, 3020.00000;
pt.1= 4041.34682, 57041.06726, 3020.00000;
