unit.len=cm;
unit.wt=kg;
unit.ang=rad;

class=CRX_Section_Rectangle;
name=;
outer=
{class=CRS_Polyline;
passport.id=0;
name= ;
m_Handle2=0;
length=490.00000;
pt.B=-50.00000, -72.50000, 0.00000;
pt.E=-50.00000, -72.50000, 0.00000;
np= 5;
pt.0= -50.00000, -72.50000, 0.00000;
pt.1= 50.00000, -72.50000, 0.00000;
pt.2= 50.00000, 72.50000, 0.00000;
pt.3= -50.00000, 72.50000, 0.00000;
pt.4= -50.00000, -72.50000, 0.00000;
area=14500.000000;
};
inner.num=0;
dx=100.;
dy=145.;
